4.668973159566820741e-02
1.303612512066926188e-02
8.100662785314610703e-02
5.898869472494643051e-02
1.916375924870489245e-02
4.240728216074547696e-02
3.713832739410399819e-02
1.034325960512089138e-02
9.100848400660672965e-02
4.544924626436645798e-02
5.658155341046362807e-02
2.300654574502071503e-02
3.688112460922741975e-02
9.675715701070032593e-02
3.381162691730674186e-02
1.078122685308536277e-01
6.611201831321596167e-02
5.317521669181002331e-02
1.696173410462020748e-06
5.383635946987089249e-02
6.684569827109410056e-02
2.899424446654999543e-02
1.114710441541403307e-01
5.069036692110673314e-02
1.302571565222038208e-03
9.835996066186865339e-02
1.905518361165385588e-02
3.833933843971416844e-02
9.548122961077076809e-02
5.578969008133653762e-02
5.135870361239244786e-02
1.178591039183859990e-02
3.245077717159219888e-02
2.829165654654237916e-02
1.154554199813097592e-01
2.926984176992364350e-02
7.250277839570799798e-02
5.350951287017328972e-02
5.858728657345692314e-02
1.177623193222150783e-01
1.764053396693981979e-02
8.127127614634488406e-02
9.029682029137295340e-02
3.822639460606901129e-02
1.065673655900380851e-01
3.380857771743396578e-02
3.839821506544499607e-02
7.625953001013652255e-02
5.439644323630943301e-02
1.052557192686523202e-01
3.470872423980956301e-01
3.462086264803548308e-01
3.475142309728852519e-01
2.957391574956717006e-01
2.515272435780230298e-01
2.587341857469062645e-01
3.081525222446096501e-01
2.546081804332374632e-01
2.662101903666387881e-01
3.175701844421400799e-01
3.256283396763691718e-01
3.291615700249527210e-01
3.635098927161374283e-01
3.695490920711545502e-01
2.720164727373565183e-01
3.229242646873444755e-01
2.582776636903879042e-01
2.716641095060686739e-01
3.492563548197165080e-01
3.595860307402270473e-01
2.721399894818360976e-01
2.564806576901005331e-01
3.072045134841920877e-01
3.234362911077819369e-01
3.111978385068939756e-01
3.204269303217940346e-01
3.559512826742478597e-01
2.634797578490860048e-01
3.714936759862488280e-01
3.693513652249587054e-01
2.546111243269306712e-01
2.883304336414389546e-01
2.844532991946813749e-01
3.153450936262753856e-01
3.308857697089472860e-01
3.679968135704954069e-01
2.736089817659333456e-01
2.894061370867562211e-01
3.026107140658865768e-01
2.722088045852254501e-01
3.392035219952944658e-01
2.534438501619520334e-01
3.106095524441097599e-01
3.252469269339481328e-01
3.555745211781142223e-01
3.613000761483509127e-01
2.945080427963733816e-01
3.229910750785514040e-01
2.874373771121504495e-01
3.270970152673453590e-01
5.134447542820630428e-01
6.068619447278231771e-01
5.471379072545057287e-01
6.002479335076104094e-01
6.087459678143785080e-01
5.762950225764930101e-01
5.500719225089377717e-01
5.975791190857898671e-01
6.061309006561431678e-01
5.386658155428720729e-01
6.058469749481127931e-01
5.087932572283778709e-01
6.194931351970400790e-01
5.176815283955749081e-01
6.149227916544836026e-01
5.418622790067496586e-01
5.808248367604276208e-01
5.240567077104070215e-01
6.060767437731289231e-01
5.707788263386961436e-01
5.405664412125829044e-01
6.006305309293589190e-01
5.779880832807616775e-01
6.151154440754574848e-01
5.495665072737527801e-01
5.531827305034936471e-01
5.116186207589472623e-01
5.713605925761431337e-01
5.388740253117046963e-01
5.420012278791015436e-01
5.286923879713666397e-01
5.023296979430134090e-01
5.707601475249844958e-01
6.078504190972962018e-01
6.095670386503609928e-01
6.138216269280898363e-01
6.083074916309485491e-01
5.761336507621651615e-01
5.823717129551704286e-01
5.662632523509874005e-01
5.373335547311216542e-01
5.463942407218703723e-01
5.396563769809354927e-01
5.759570878764417312e-01
5.293635557797807811e-01
5.087164013186541434e-01
5.822989843585867353e-01
5.902099135835999766e-01
5.418762917688666469e-01
6.050837284875868471e-01
7.668204066155821508e-01
8.038582195882506554e-01
8.095378759250305700e-01
8.325610421322242605e-01
7.822566559136219233e-01
7.501544439411047538e-01
8.441229094678281974e-01
7.599179501314398122e-01
8.645402729564146682e-01
8.164678048293880774e-01
7.527136311795533663e-01
7.874957452442064021e-01
7.596515685002015461e-01
8.710094089835972442e-01
8.279332191729108503e-01
7.623534433839318503e-01
8.702230589791237758e-01
8.319391166091950618e-01
7.569527641357084446e-01
8.217173285881980149e-01
7.613561392287579999e-01
8.134737865349399577e-01
7.919320919293375560e-01
8.384020687717701481e-01
8.008488920305499859e-01
8.440824755996934048e-01
7.843506034047911246e-01
8.723377026630328990e-01
8.392608922575758301e-01
7.879764109731260957e-01
8.646225507977332025e-01
8.318097649348648037e-01
7.613646852361624084e-01
7.529356016828794296e-01
7.693237857957446746e-01
8.049324907003975182e-01
8.264954975357670097e-01
8.377182409281060949e-01
8.097995777018278662e-01
8.498665322050485971e-01
8.545837691586621876e-01
8.621924822571549463e-01
8.088362261145055632e-01
8.126176464610000982e-01
7.531674554490664919e-01
8.315259043541072259e-01
8.016061994697013526e-01
8.091622467609377312e-01
8.022503465215734542e-01
8.063102309945493484e-01
